world: 167d9e0c-3241-4b9e-8139-5ee50cb2790a
world-name: hub
x: -475.4236638792592
y: 71.0
z: 2.2789965594713184
yaw: 0.9000000953674316
pitch: 7.199992656707764
name: hub
lastowner: ab7f3eb0-bc3b-350d-ab5c-56984c3c89b4
