world: 3de24755-d767-4389-a8b9-db04a76cc352
world-name: world_nether
x: -34.71480759808021
y: 50.0
z: -38.527100583115676
yaw: 88.59417724609375
pitch: -1.650008201599121
name: nether
lastowner: ab7f3eb0-bc3b-350d-ab5c-56984c3c89b4
