world: 167d9e0c-3241-4b9e-8139-5ee50cb2790a
world-name: world
x: -475.84465083401204
y: 71.0
z: 2.6497783129730808
yaw: 0.75054931640625
pitch: 89.55000305175781
name: spawn
lastowner: ab7f3eb0-bc3b-350d-ab5c-56984c3c89b4
